2.72
1.94
4.59
2.47
3.88
3.98
1.86
4.15
2.07
3.08
4.21
2.59
3.81
3.88
1.67
4.60
2.15
2.84
4.03
2.12
5.11
3.02
2.13
5.56
2.60
4.72
2.71
1.95
4.27
2.17
3.25
3.46
1.83
4.47
2.50
2.44
3.49
1.75
3.19
4.12
2.46
4.30
2.71
1.62
4.88
2.24
2.88
3.29
1.96
4.40
2.21
2.75
4.01
1.95
3.72
2.36
2.55
5.23
2.07
3.03
3.76
2.31
3.51
2.62
2.73
4.79
2.10
4.06
3.59
1.72
4.58
2.38
2.87
4.16
2.75
4.51
2.45
2.73
4.65
2.07
3.88
3.69
2.25
5.40
1.95
2.57
4.51
2.64
3.89
3.11
2.62
4.37
1.93
3.59
4.29
1.90
3.79
2.87
2.47
4.92
2.75
5.42
3.40
1.77
4.55
2.26
3.02
2.88
2.06
4.03
3.16
2.76
4.84
1.71
3.40
3.72
2.37
4.40
2.13
3.79
4.21
1.90
4.56
3.26
1.56
4.04
2.12
3.41
5.07
1.85
4.55
1.89
2.39
5.26
2.45
5.14
2.83
1.97
4.34
2.73
2.99
4.29
1.68
3.60
2.12
2.65
4.69
2.00
3.52
3.44
2.33
4.54
3.03
2.17
4.79
2.09
3.96
3.41
2.68
5.21
2.36
3.25
3.51
2.11
5.47
2.87
2.38
4.41
2.09
3.14
3.25
2.13
4.24
2.65
2.98
4.34
2.66
3.85
3.10
1.97
4.38
1.69
3.41
3.93
2.56
3.90
2.86
2.68
5.68
1.85
3.67
2.67
1.81
4.00
1.58
3.86
4.35
2.12
4.07
2.39
1.83
5.30
2.23
3.46
3.23
1.98
4.22
3.08
2.57
4.52
2.02
3.96
3.45
2.75
4.84
2.35
3.02
3.93
1.62
4.31
3.24
2.46
4.69
2.27
3.30
3.78
1.90
4.68
2.19
2.77
4.68
1.88
4.01
3.07
2.17
5.23
2.10
4.57
4.12
2.46
4.27
2.05
2.82
4.43
2.17
3.85
3.16
2.57
4.11
2.20
3.92
4.03
2.00
4.60
2.21
2.32
4.14
1.45
4.06
4.29
1.40
4.77
2.35
3.13
4.13
2.23
3.00
4.42
2.48
4.55
2.18
3.68
3.96
1.95
4.18
2.69
2.42
4.91
1.81
2.45
3.10
1.91
3.43
2.01
3.37
4.55
1.96
3.99
2.99
1.95
3.90
2.06
2.70
3.20
1.93
5.34
2.63
2.94
4.43
2.12
4.51
3.84
1.80
5.15
2.50
3.27
4.53
1.84
3.98
3.61
2.47
3.62
1.88
3.95
3.94
2.04
3.86
3.53
3.51
4.12
1.64
4.23
3.25
2.66
4.55
1.99
3.33
3.83
2.17
4.14
2.84
2.50
3.77
1.45
3.67
3.88
2.26
4.91
2.37
2.62
3.70
1.91
3.69
2.14
2.13
5.21
2.35
3.81
3.17
2.08
4.56
1.91
3.12
3.36
2.41
3.68
3.05
2.38
5.05
2.75
4.12
4.27
1.57
4.00
2.29
2.24
4.44
2.45
4.46
3.76
1.93
5.69
2.33
2.81
4.39
2.30
4.03
3.13
2.36
4.67
2.29
4.73
3.26
2.05
4.48
2.57
2.62
4.22
1.79
3.46
3.05
2.42
4.43
2.38
3.47
4.36
2.26
4.63
2.46
2.02
4.56
2.05
4.29
4.54
1.93
4.84
2.87
2.86
4.08
1.69
4.46
3.10
2.53
3.91
2.00
3.75
3.78
2.17
3.82
1.80
2.97
4.31
2.41
3.59
3.13
2.15
4.07
2.32
3.35
5.24
1.60
4.97
2.85
2.31
3.81
2.25
3.71
4.17
1.66
4.46
2.86
2.93
3.44
1.95
4.60
3.62
2.24
5.82
2.31
2.55
3.69
1.87
4.83
2.32
2.00
4.41
2.51
3.59
3.75
2.27
3.30
2.02
3.42
3.61
1.45
3.49
3.42
2.92
4.40
2.12
4.22
2.76
2.17
3.43
2.79
2.46
5.11
1.94
3.88
2.85
2.31
4.60
2.07
2.09
4.27
1.71
3.29
2.64
2.55
5.35
1.73
4.08
4.86
1.35
4.31
1.91
3.47
4.54
1.80
4.47
3.33
2.29
4.43
2.19
3.82
4.00
1.89
5.23
3.11
2.70
4.91
1.87
4.16
2.75
2.10
5.02
2.08
3.68
3.92
2.05
3.89
2.79
2.53
4.60
2.08
2.87
4.13
1.83
3.31
2.35
2.51
4.05
2.36
3.53
2.57
2.57
4.03
2.06
2.80
4.07
1.85
4.83
3.02
2.18
4.89
1.74
3.85
3.63
2.08
5.16
2.49
2.82
3.65
1.86
3.58
3.60
2.30
4.21
2.11
2.83
4.39
1.86
3.90
2.59
1.81
4.38
1.88
6.13
3.76
2.06
4.90
2.08
3.02
3.93
2.09
4.01
2.85
2.26
3.81
1.94
4.35
4.10
1.76
3.61
2.34
3.08
3.95
2.03
4.02
3.10
2.60
5.47
2.24
2.85
3.51
1.78
5.21
1.80
2.36
5.58
2.00
4.15
3.48
2.30
5.07
2.49
2.88
3.61
2.00
3.16
2.88
2.81
3.99
2.21
3.05
4.87
1.77
4.06
1.95
2.65
3.48
1.78
3.86
3.51
2.37
4.38
2.68
3.59
3.76
2.07
4.34
2.79
2.52
4.44
1.85
4.15
3.50
2.21
4.98
2.60
2.53
4.88
2.25
3.65
2.71
2.31
4.64
2.30
3.30
3.70
1.96
4.13
2.71
3.32
4.28
1.91
4.03
3.53
2.00
5.07
1.99
3.78
4.67
2.23
5.07
3.30
2.18
5.63
1.91
3.68
3.81
2.60
4.86
2.80
3.29
4.27
1.78
3.98
3.32
2.03
3.81
2.41
3.78
3.30
1.73
3.33
3.42
2.21
4.82
1.81
3.83
3.10
1.77
4.99
2.84
2.79
3.53
2.27
4.74
2.79
2.29
4.80
2.10
3.71
3.64
2.01
4.65
2.35
2.90
5.25
1.95
3.72
2.98
2.30
4.69
2.14
3.43
4.27
2.73
4.46
2.64
1.93
4.39
2.73
3.06
3.55
1.76
5.23
2.33
3.40
3.49
1.63
4.68
2.82
2.24
4.98
2.58
2.72
2.98
1.98
5.70
2.88
2.88
4.63
2.25
3.14
4.25
1.40
5.18
2.02
3.20
3.15
2.00
2.43
2.48
2.03
4.75
2.38
3.89
3.08
1.66
3.73
2.44
3.25
5.05
2.41
4.22
2.88
2.56
4.30
1.92
3.13
2.77
1.80
4.15
2.82
1.69
4.62
1.87
3.52
3.99
2.10
5.29
2.77
3.00
4.19
2.18
5.32
3.29
2.32
4.02
2.23
3.51
3.77
2.18
5.05
2.20
2.35
4.39
2.06
3.32
3.33
3.38
5.98
2.66
3.34
4.84
2.31
3.49
3.31
1.92
4.93
2.25
3.14
3.05
1.53
4.55
3.25
3.22
4.06
1.91
4.79
3.29
2.11
4.46
3.02
3.08
4.26
2.15
3.65
2.88
2.39
4.59
1.77
3.82
3.42
2.64
5.07
2.09
3.02
4.94
2.12
5.16
2.93
2.54
3.64
2.21
3.50
3.59
2.12
4.57
2.42
2.48
5.08
2.43
3.79
3.19
2.70
3.73
2.11
3.04
4.28
2.18
4.57
3.26
1.97
4.97
2.49
3.22
2.99
2.17
4.93
1.94
2.68
3.63
2.36
4.28
3.11
2.65
4.77
1.98
2.44
3.54
2.18
4.76
2.45
2.15
4.83
1.90
4.32
3.33
1.78
4.60
2.43
2.68
4.80
2.13
3.91
3.38
1.98
4.32
1.98
3.72
4.06
1.65
4.14
3.32
2.89
4.12
1.99
3.88
3.38
2.17
4.23
2.12
2.58
4.10
2.39
4.70
2.30
3.18
3.88
2.23
3.64
5.12
2.43
5.23
2.71
2.43
4.96
2.35
4.27
3.18
2.60
6.28
1.97
3.03
3.97
2.18
3.99
2.75
2.62
4.66
1.64
4.83
3.68
1.66
3.89
1.92
3.38
3.54
2.03
4.12
2.69
2.74
5.23
2.20
3.03
3.77
2.27
4.63
2.34
2.80
3.41
1.82
3.14
3.18
2.41
4.52
2.25
3.25
3.43
2.22
4.11
2.59
2.62
4.01
1.82
3.74
4.40
2.33
4.05
2.13
2.47
3.59
1.34
4.18
2.94
1.74
4.46
1.92
3.12
3.29
1.70
6.82
2.36
2.55
5.40
2.19
3.95
